          83
         202
          84
          82
         176
         170
         252
          51
          81
         211
          66
         198
         250
         244
         169
          17
         103
          61
         137
          92
          31
         129
         103
         255
          17
          96
         112
         231
         224
          51
         100
         114
          77
          30
          15
          22
          77
         107
         249
          58
         225
          56
         189
         129
         220
           3
         146
         110
         120
          76
         198
          96
         184
          81
          31
          53
         119
         177
          26
         123
         172
          69
          45
          82
         173
         201
          43
          18
          77
         175
          58
         158
           4
          73
         180
         202
         253
          36
         245
         203
         226
         212
         194
         168
         239
         230
         219
         241
          24
         175
         242
          33
         189
         190
          17
         182
         115
         187
          49
         155
         204
         114
          71
         234
          15
         145
         236
         211
         236
         216
         118
         176
          75
          66
          15
         222
         107
          14
          48
          73
         112
          63
          56
          83
         225
         249
         141
          45
         203
         174
         190
          86
         121
         233
          11
          19
         157
         207
         178
         149
          75
         237
          80
          36
         148
         201
         188
         253
         146
         242
